----- bit = 0 START -----
bit = 0の時のせんべい焼き器は
[[1, 0, 0, 0, 1, 0], [1, 1, 1, 0, 1, 0], [1, 0, 1, 1, 0, 1]]
bit = 0 の最終結果枚数は 13
[[1, 1, 0, 1, 1, 1], [1, 0, 1, 1, 1, 1], [1, 1, 1, 0, 0, 0]]
----- bit = 0 END -----
----- bit = 1 START -----
bit = 1の時のせんべい焼き器は
[[0, 1, 1, 1, 0, 1], [1, 1, 1, 0, 1, 0], [1, 0, 1, 1, 0, 1]]
bit = 1 の最終結果枚数は 13
[[0, 1, 1, 1, 1, 1], [1, 1, 1, 0, 0, 0], [1, 0, 1, 1, 1, 1]]
----- bit = 1 END -----
----- bit = 2 START -----
bit = 2の時のせんべい焼き器は
[[1, 0, 0, 0, 1, 0], [0, 0, 0, 1, 0, 1], [1, 0, 1, 1, 0, 1]]
bit = 2 の最終結果枚数は 13
[[1, 1, 1, 0, 0, 0], [0, 1, 1, 1, 1, 1], [1, 1, 0, 1, 1, 1]]
----- bit = 2 END -----
----- bit = 3 START -----
bit = 3の時のせんべい焼き器は
[[0, 1, 1, 1, 0, 1], [0, 0, 0, 1, 0, 1], [1, 0, 1, 1, 0, 1]]
bit = 3 の最終結果枚数は 15
[[1, 0, 1, 1, 1, 1], [1, 1, 0, 1, 1, 1], [0, 1, 1, 1, 1, 1]]
----- bit = 3 END -----
----- bit = 4 START -----
bit = 4の時のせんべい焼き器は
[[1, 0, 0, 0, 1, 0], [1, 1, 1, 0, 1, 0], [0, 1, 0, 0, 1, 0]]
bit = 4 の最終結果枚数は 15
[[1, 0, 1, 1, 1, 1], [1, 1, 0, 1, 1, 1], [0, 1, 1, 1, 1, 1]]
----- bit = 4 END -----
----- bit = 5 START -----
bit = 5の時のせんべい焼き器は
[[0, 1, 1, 1, 0, 1], [1, 1, 1, 0, 1, 0], [0, 1, 0, 0, 1, 0]]
bit = 5 の最終結果枚数は 13
[[1, 1, 1, 0, 0, 0], [0, 1, 1, 1, 1, 1], [1, 1, 0, 1, 1, 1]]
----- bit = 5 END -----
----- bit = 6 START -----
bit = 6の時のせんべい焼き器は
[[1, 0, 0, 0, 1, 0], [0, 0, 0, 1, 0, 1], [0, 1, 0, 0, 1, 0]]
bit = 6 の最終結果枚数は 13
[[0, 1, 1, 1, 1, 1], [1, 1, 1, 0, 0, 0], [1, 0, 1, 1, 1, 1]]
----- bit = 6 END -----
----- bit = 7 START -----
bit = 7の時のせんべい焼き器は
[[0, 1, 1, 1, 0, 1], [0, 0, 0, 1, 0, 1], [0, 1, 0, 0, 1, 0]]
bit = 7 の最終結果枚数は 13
[[1, 1, 0, 1, 1, 1], [1, 0, 1, 1, 1, 1], [1, 1, 1, 0, 0, 0]]
----- bit = 7 END -----
15
